100
0 0 200405987325942515 35613
417487 344516 411204733396061879 1646
180142 30160 960221830438594977 99973
659438 856061 919876657157787849 28423
330592 848138 91237335583158579 99924
709643 870695 387321685816353555 99984
837626 441887 896127579025688456 99951
544944 435030 166514784231575809 99998
225396 754727 215799859461120407 99903
646881 715066 675837443897500843 81028
275966 513357 806809908643755357 99920
24789 404239 630834120961504260 99994
136821 451683 972660299117689569 3144
663239 876975 260155927920057311 29686
5002 351675 475395607029056407 99949
40909 592145 1495798160629126 61049
0 0 100 199
778105 873978 123382073707993871 21624
21788 488735 335277836608606122 21567
947566 476522 466835376863032189 64268
670675 595838 203881399949695903 46690
20092 328709 93668417573456904 99999
156923 431027 804411863390528627 51171
518043 713228 168479877132727596 99984
150789 188687 415218358204819664 78367
54280 999913 581441566003578967 68194
73140 609395 909359912534118289 99939
48272 562162 604301621138643685 99943
265832 387958 931314450184108461 99935
134801 924911 722486077952611981 17322
615313 871166 385119215626460558 99943
300749 990960 534928336208447290 3113
60121 96888 509188955331708708 99902
265926 289240 529157429415080657 60116
791338 266429 471163702100927640 63945
318647 297189 498975350072040547 99920
0 0 563960079473571515 1
323732 633822 86286869914427060 55814
328365 805705 408341226127587628 65704
601246 354606 172988006218710310 99909
60206 293086 56709503035217688 99982
68506 80028 97837088184013234 79187
177188 520511 248832672544361657 58634
89297 54893 533656234112936829 68779
46693 350703 413164299532722073 99980
585669 803353 938296428976840309 22697
136368 528602 803500055659749738 74413
988969 110308 60660260019450602 99948
533996 470786 826981978405640003 69982
98897 0 929688717677117789 1
369904 227600 570340195325850818 72244
293485 995143 138604918796963578 99914
768652 534359 755053895973540163 99913
594387 828236 4647008797598891 83259
122059 441959 613443377081473616 99924
240445 648724 289606623346891239 5314
854192 396031 209665505925752355 60017
53388 627636 521698233965486134 99968
0 980098 289291606679496099 1
83866 943200 732929317401701741 20600
325322 147395 1404731957204025 26785
682879 119961 699086498712654191 6729
635246 193694 406577445416654590 99982
905422 949706 667395886989765308 99981
934381 882394 705637191139268837 99951
716952 860874 140454538421731676 99981
845566 688567 355974608457524451 99925
0 504129 852293105961803821 12356
571003 789276 373767650494949150 32617
912747 823007 138326407267172144 99903
385603 57801 489429192288126668 99919
228875 433063 408285675202686116 14971
241397 0 778092522329562321 1
107794 96361 538299699547215369 45166
430268 909185 502351754068258094 99910
440120 198405 47480040246693987 99970
891832 678681 500571660164413824 99911
521814 0 817835763877278924 1196
533121 262414 66168630687688069 99993
615340 674317 444228293964227109 99930
0 0 1000000000000000000 100000
522751 993184 952048355716168559 99967
330823 154549 88378008783306250 79144
593676 474396 848635437058974524 99935
977561 8886 873584234918486751 51576
420013 35665 82894775454184454 32564
901468 956411 219696399517751437 99978
5357 264412 156670899560912954 53487
279267 696401 955615519117426520 76026
0 0 10 5
713054 808095 803373694165351197 35952
729338 826945 556194979094171494 99979
111010 576904 260839931120045551 99906
843118 28759 454465892023514746 99923
604368 334458 152776132697110927 19216
928252 932430 328399650468993969 66342
128974 436463 124129061589859054 41146
667111 586340 200040451157369905 99959
930006 228708 475441271324379858 6235
568529 838803 65573385194272030 99913
