100
918313 136255 472 3977
775292 146871 679 4510
846146 24204 365 9905
880736 387033 336 784
0 234977 167 1
0 0 892 1
916755 630734 220 7761
300777 327616 249 4765
222669 490666 956 9925
75494 166110 763 9965
631135 315318 66 4245
26027 124051 842 847
107763 456536 10 9963
454628 743710 799 2637
0 0 10 5
532493 495230 969 9934
546157 148838 694 3011
0 615829 909 8620
736111 42395 390 6796
568226 760762 313 9935
922881 945676 12 9965
414518 123236 350 7507
161629 242166 749 9938
504482 842424 875 2781
690186 970214 664 9936
552734 37062 415 5092
565680 693637 361 9314
225684 106181 68 7013
512140 508949 217 9909
542382 463555 216 9912
892950 42642 939 7986
865538 358618 156 9971
942715 358261 764 9943
904247 890461 688 9959
556030 669547 911 2644
413779 50541 701 9955
576089 328534 153 9923
305695 718600 705 4849
344338 466004 92 1703
231871 352706 601 8256
409971 876403 311 1307
558350 655532 476 7235
994446 457117 886 369
135592 523098 522 9991
319233 136336 513 9940
122118 273894 489 9993
439281 848074 3 4548
0 0 100 199
552515 243355 634 9908
453055 70219 267 9946
319285 278721 48 9955
974914 77170 755 9956
446291 798758 200 9964
314682 704011 722 9938
535576 723985 6 6014
675101 924794 757 8382
383704 537633 981 9996
193807 595179 402 6115
549903 798620 233 7437
627918 279143 169 9936
0 0 845 2301
0 0 1000 10000
492916 365172 428 2321
40489 0 411 1
146451 733012 229 9928
596104 381280 243 1292
601699 87644 784 2568
262540 391560 237 7694
458074 694715 807 9943
382415 368354 539 5181
539663 630006 644 9904
832912 496956 491 9988
202029 0 371 1
74488 526779 245 3388
31912 953443 899 9920
916101 25472 116 8665
364661 185421 236 3250
522529 763424 376 9981
815758 0 620 9685
787517 167823 612 9974
286304 695766 240 9955
532333 859128 148 7727
670780 953153 257 9957
479315 865278 618 9954
342715 389007 372 9903
805191 722709 138 7264
834139 441607 722 9992
220867 226221 762 6892
677673 172381 256 6368
766350 798444 715 9935
255241 972699 739 5641
216401 496094 571 9968
5184 243353 370 2618
413183 527429 526 9956
81531 367001 754 9917
657753 161000 318 9961
731511 683933 149 9926
401992 989138 282 7484
796192 764204 186 1102
897253 459198 95 9904
