100
109907 999485 717 2052
958646 611676 62 8861
234678 391907 220 4223
0 259326 247 5590
500503 399802 705 8143
133801 726561 744 8566
405249 283800 548 9958
562635 124058 915 9940
0 605545 434 1
425516 581808 628 9972
663151 215275 70 5733
774292 354828 765 9933
71794 298297 446 2683
630179 306371 603 8763
647315 170142 898 5065
395849 540070 299 9949
377003 371596 393 1792
154854 906348 789 9964
19590 27431 114 4339
361220 774454 581 6950
131390 909890 358 5596
509595 370312 404 9917
0 0 53 4935
423770 277494 865 1503
741750 540346 298 9976
0 0 10 5
327474 702411 244 9905
887364 742599 886 9957
331386 0 176 5889
299390 980837 882 3164
560582 149363 830 1068
43836 858257 837 9929
372037 891522 57 3896
619617 240428 230 7920
228464 768404 107 9920
32460 861386 930 9961
190631 0 858 1
554211 456783 663 3638
127581 271836 395 2761
494990 668048 203 6228
412960 52957 753 9978
46668 223733 990 5253
844853 859972 552 5065
555351 66259 164 1457
407768 190506 351 9934
610758 660990 453 9905
668934 69224 110 9936
485995 898982 879 6164
99116 249156 703 9914
699814 447552 208 9963
788142 199376 486 1194
451785 582374 357 5917
28998 260925 791 9948
104106 148781 41 9969
130520 116392 202 8470
794311 788889 690 8885
427133 819342 246 9588
520907 944751 331 9957
396522 491051 394 9917
0 0 1000 10000
853188 798930 709 9992
33013 125169 771 5160
337349 299733 478 9911
655998 587961 901 6010
364280 382486 915 2197
995365 170947 599 9978
239362 458611 110 9975
294643 330385 251 9942
554948 794380 237 3438
610861 945584 870 9932
698552 709977 741 9972
89070 695179 499 9937
0 0 100 199
677429 24129 394 9909
922607 636808 249 9972
418706 391215 17 9925
955353 123573 950 9415
132578 916792 740 9904
532079 51775 645 5346
893721 872540 676 763
859673 335650 273 4808
104670 11990 121 9076
260960 129214 855 4104
295950 928112 451 9787
749124 591634 335 9985
647225 373631 795 9974
961523 156501 763 6607
195627 749345 913 9971
329445 906299 2 9983
0 0 694 1
140083 396350 617 9970
100144 21414 172 9941
434792 551740 908 9992
785841 236061 880 9833
692415 0 2 1
747548 770948 141 4866
330551 873141 589 9658
895593 137511 786 9942
720347 556636 275 9966
845440 560104 501 9922
